随机产生500个随机数x，-1000<=x<=1000
896 -864 665 -460 -494 -405 -604 -546 447 -754 -84 802 477 999 -153 30 -225 -769 -887 -8 -458 -416 472 -884 -951 500 399 -425 7 -368 -970 371 -148 337 -766 931 915 -443 601 674 -500 302 265 743 334 -606 -119 -932 -690 38 -400 639 -623 -771 53 936 510 331 -202 380 -777 -353 -115 -94 -839 -591 176 772 98 -409 952 840 99 654 452 -945 487 999 159 77 51 640 -593 -5 765 -683 992 -454 -846 -41 -672 857 306 -132 396 -648 111 678 -677 -387 679 -216 985 -233 829 -25 423 -974 -897 -962 577 -901 835 708 -912 132 -925 401 -799 633 -196 943 -731 -412 321 62 -550 846 -139 -678 -357 -649 -695 -687 452 -680 450 944 -744 -857 -625 589 -522 -244 -87 -614 489 929 -997 888 -496 -690 -379 923 733 966 -644 -307 849 572 516 -171 -600 778 -352 -647 -911 -444 -407 -911 97 -600 -482 -34 -344 328 -293 971 -172 -836 733 883 -219 273 -524 -221 897 -649 986 385 -856 602 -717 -306 -774 -738 -827 472 -920 577 -469 483 921 -245 4 872 654 681 977 -770 152 -277 704 -279 -712 -198 -654 240 -697 -162 -653 691 103 -641 11 -739 -182 -165 -400 470 -175 375 -753 -260 72 -23 -133 -524 -304 -666 196 11 -195 -377 -852 -638 801 369 -154 345 -440 -203 -400 -374 406 -75 -509 650 238 104 440 -996 -827 -400 526 23 422 -502 -375 872 454 -378 940 11 267 456 -374 230 777 -739 -695 -90 109 -974 -839 -401 -515 -270 388 -706 79 -658 -74 -271 186 -286 -369 105 747 -442 -410 783 584 306 960 -603 314 245 114 142 118 888 -381 64 988 -98 -299 713 -780 -977 6 -528 838 -907 -846 157 -87 839 699 -532 -881 -172 -133 926 -273 -270 -119 -511 -142 56 -549 -623 481 312 395 14 -929 -303 221 0 -524 244 -176 168 537 -827 -366 569 -917 -91 505 -489 -326 -978 -720 -817 -335 590 -498 311 -661 -313 -34 375 -797 646 346 744 828 -973 -792 188 -973 -584 -806 287 338 598 513 332 -361 -716 -766 -429 452 -182 -788 825 471 237 264 272 333 -629 242 505 -397 425 -873 -217 29 171 -593 630 -598 -315 -355 972 -72 655 117 814 -492 910 942 902 21 401 840 356 362 376 -753 787 -288 -84 -576 366 680 -693 731 274 -423 -317 890 677 578 545 -959 -89 898 -166 871 -456 300 -151 -604 -534 549 922 59 -327 -928 -936 938 120 -52 -670 911 -354 652 -238 -371 833 -329 849 -320 305 977 613 494 -359 -630 -339 -850 -559 -394 -945 -67 -393 -196 575 94 -865 483 243 465 776 -886 -412 

随机情况下：


快速排序算法：
-997 -996 -978 -977 -974 -974 -973 -973 -970 -962 -959 -951 -945 -945 -936 -932 -929 -928 -925 -920 -917 -912 -911 -911 -907 -901 -897 -887 -886 -884 -881 -873 -865 -864 -857 -856 -852 -850 -846 -846 -839 -839 -836 -827 -827 -827 -817 -806 -799 -797 -792 -788 -780 -777 -774 -771 -770 -769 -766 -766 -754 -753 -753 -744 -739 -739 -738 -731 -720 -717 -716 -712 -706 -697 -695 -695 -693 -690 -690 -687 -683 -680 -678 -677 -672 -670 -666 -661 -658 -654 -653 -649 -649 -648 -647 -644 -641 -638 -630 -629 -625 -623 -623 -614 -606 -604 -604 -603 -600 -600 -598 -593 -593 -591 -584 -576 -559 -550 -549 -546 -534 -532 -528 -524 -524 -524 -522 -515 -511 -509 -502 -500 -498 -496 -494 -492 -489 -482 -469 -460 -458 -456 -454 -444 -443 -442 -440 -429 -425 -423 -416 -412 -412 -410 -409 -407 -405 -401 -400 -400 -400 -400 -397 -394 -393 -387 -381 -379 -378 -377 -375 -374 -374 -371 -369 -368 -366 -361 -359 -357 -355 -354 -353 -352 -344 -339 -335 -329 -327 -326 -320 -317 -315 -313 -307 -306 -304 -303 -299 -293 -288 -286 -279 -277 -273 -271 -270 -270 -260 -245 -244 -238 -233 -225 -221 -219 -217 -216 -203 -202 -198 -196 -196 -195 -182 -182 -176 -175 -172 -172 -171 -166 -165 -162 -154 -153 -151 -148 -142 -139 -133 -133 -132 -119 -119 -115 -98 -94 -91 -90 -89 -87 -87 -84 -84 -75 -74 -72 -67 -52 -41 -34 -34 -25 -23 -8 -5 0 4 6 7 11 11 11 14 21 23 29 30 38 51 53 56 59 62 64 72 77 79 94 97 98 99 103 104 105 109 111 114 117 118 120 132 142 152 157 159 168 171 176 186 188 196 221 230 237 238 240 242 243 244 245 264 265 267 272 273 274 287 300 302 305 306 306 311 312 314 321 328 331 332 333 334 337 338 345 346 356 362 366 369 371 375 375 376 380 385 388 395 396 399 401 401 406 422 423 425 440 447 450 452 452 452 454 456 465 470 471 472 472 477 481 483 483 487 489 494 500 505 505 510 513 516 526 537 545 549 569 572 575 577 577 578 584 589 590 598 601 602 613 630 633 639 640 646 650 652 654 654 655 665 674 677 678 679 680 681 691 699 704 708 713 731 733 733 743 744 747 765 772 776 777 778 783 787 801 802 814 825 828 829 833 835 838 839 840 840 846 849 849 857 871 872 872 883 888 888 890 896 897 898 902 910 911 915 921 922 923 926 929 931 936 938 940 942 943 944 952 960 966 971 972 977 977 985 986 988 992 999 999 
比较次数:5775

三者取中值的快速排序算法:
-997 -996 -978 -977 -974 -974 -973 -973 -970 -962 -959 -951 -945 -945 -936 -932 -929 -928 -925 -920 -917 -912 -911 -911 -907 -901 -897 -887 -886 -884 -881 -873 -865 -864 -857 -856 -852 -850 -846 -846 -839 -839 -836 -827 -827 -827 -817 -806 -799 -797 -792 -788 -780 -777 -774 -771 -770 -769 -766 -766 -754 -753 -753 -744 -739 -739 -738 -731 -720 -717 -716 -712 -706 -697 -695 -695 -693 -690 -690 -687 -683 -680 -678 -677 -672 -670 -666 -661 -658 -654 -653 -649 -649 -648 -647 -644 -641 -638 -630 -629 -625 -623 -623 -614 -606 -604 -604 -603 -600 -600 -598 -593 -593 -591 -584 -576 -559 -550 -549 -546 -534 -532 -528 -524 -524 -524 -522 -515 -511 -509 -502 -500 -498 -496 -494 -492 -489 -482 -469 -460 -458 -456 -454 -444 -443 -442 -440 -429 -425 -423 -416 -412 -412 -410 -409 -407 -405 -401 -400 -400 -400 -400 -397 -394 -393 -387 -381 -379 -378 -377 -375 -374 -374 -371 -369 -368 -366 -361 -359 -357 -355 -354 -353 -352 -344 -339 -335 -329 -327 -326 -320 -317 -315 -313 -307 -306 -304 -303 -299 -293 -288 -286 -279 -277 -273 -271 -270 -270 -260 -245 -244 -238 -233 -225 -221 -219 -217 -216 -203 -202 -198 -196 -196 -195 -182 -182 -176 -175 -172 -172 -171 -166 -165 -162 -154 -153 -151 -148 -142 -139 -133 -133 -132 -119 -119 -115 -98 -94 -91 -90 -89 -87 -87 -84 -84 -75 -74 -72 -67 -52 -41 -34 -34 -25 -23 -8 -5 0 4 6 7 11 11 11 14 21 23 29 30 38 51 53 56 59 62 64 72 77 79 94 97 98 99 103 104 105 109 111 114 117 118 120 132 142 152 157 159 168 171 176 186 188 196 221 230 237 238 240 242 243 244 245 264 265 267 272 273 274 287 300 302 305 306 306 311 312 314 321 328 331 332 333 334 337 338 345 346 356 362 366 369 371 375 375 376 380 385 388 395 396 399 401 401 406 422 423 425 440 447 450 452 452 452 454 456 465 470 471 472 472 477 481 483 483 487 489 494 500 505 505 510 513 516 526 537 545 549 569 572 575 577 577 578 584 589 590 598 601 602 613 630 633 639 640 646 650 652 654 654 655 665 674 677 678 679 680 681 691 699 704 708 713 731 733 733 743 744 747 765 772 776 777 778 783 787 801 802 814 825 828 829 833 835 838 839 840 840 846 849 849 857 871 872 872 883 888 888 890 896 897 898 902 910 911 915 921 922 923 926 929 931 936 938 940 942 943 944 952 960 966 971 972 977 977 985 986 988 992 999 999 
比较次数:5328

改进的快速排序算法:
-997 -996 -978 -977 -974 -974 -973 -973 -970 -962 -959 -951 -945 -945 -936 -932 -929 -928 -925 -920 -917 -912 -911 -911 -907 -901 -897 -887 -886 -884 -881 -873 -865 -864 -857 -856 -852 -850 -846 -846 -839 -839 -836 -827 -827 -827 -817 -806 -799 -797 -792 -788 -780 -777 -774 -771 -770 -769 -766 -766 -754 -753 -753 -744 -739 -739 -738 -731 -720 -717 -716 -712 -706 -697 -695 -695 -693 -690 -690 -687 -683 -680 -678 -677 -672 -670 -666 -661 -658 -654 -653 -649 -649 -648 -647 -644 -641 -638 -630 -629 -625 -623 -623 -614 -606 -604 -604 -603 -600 -600 -598 -593 -593 -591 -584 -576 -559 -550 -549 -546 -534 -532 -528 -524 -524 -524 -522 -515 -511 -509 -502 -500 -498 -496 -494 -492 -489 -482 -469 -460 -458 -456 -454 -444 -443 -442 -440 -429 -425 -423 -416 -412 -412 -410 -409 -407 -405 -401 -400 -400 -400 -400 -397 -394 -393 -387 -381 -379 -378 -377 -375 -374 -374 -371 -369 -368 -366 -361 -359 -357 -355 -354 -353 -352 -344 -339 -335 -329 -327 -326 -320 -317 -315 -313 -307 -306 -304 -303 -299 -293 -288 -286 -279 -277 -273 -271 -270 -270 -260 -245 -244 -238 -233 -225 -221 -219 -217 -216 -203 -202 -198 -196 -196 -195 -182 -182 -176 -175 -172 -172 -171 -166 -165 -162 -154 -153 -151 -148 -142 -139 -133 -133 -132 -119 -119 -115 -98 -94 -91 -90 -89 -87 -87 -84 -84 -75 -74 -72 -67 -52 -41 -34 -34 -25 -23 -8 -5 0 4 6 7 11 11 11 14 21 23 29 30 38 51 53 56 59 62 64 72 77 79 94 97 98 99 103 104 105 109 111 114 117 118 120 132 142 152 157 159 168 171 176 186 188 196 221 230 237 238 240 242 243 244 245 264 265 267 272 273 274 287 300 302 305 306 306 311 312 314 321 328 331 332 333 334 337 338 345 346 356 362 366 369 371 375 375 376 380 385 388 395 396 399 401 401 406 422 423 425 440 447 450 452 452 452 454 456 465 470 471 472 472 477 481 483 483 487 489 494 500 505 505 510 513 516 526 537 545 549 569 572 575 577 577 578 584 589 590 598 601 602 613 630 633 639 640 646 650 652 654 654 655 665 674 677 678 679 680 681 691 699 704 708 713 731 733 733 743 744 747 765 772 776 777 778 783 787 801 802 814 825 828 829 833 835 838 839 840 840 846 849 849 857 871 872 872 883 888 888 890 896 897 898 902 910 911 915 921 922 923 926 929 931 936 938 940 942 943 944 952 960 966 971 972 977 977 985 986 988 992 999 999 
比较次数:4965
堆排序: 
-997 -996 -978 -977 -974 -974 -973 -973 -970 -962 -959 -951 -945 -945 -936 -932 -929 -928 -925 -920 -917 -912 -911 -911 -907 -901 -897 -887 -886 -884 -881 -873 -865 -864 -857 -856 -852 -850 -846 -846 -839 -839 -836 -827 -827 -827 -817 -806 -799 -797 -792 -788 -780 -777 -774 -771 -770 -769 -766 -766 -754 -753 -753 -744 -739 -739 -738 -731 -720 -717 -716 -712 -706 -697 -695 -695 -693 -690 -690 -687 -683 -680 -678 -677 -672 -670 -666 -661 -658 -654 -653 -649 -649 -648 -647 -644 -641 -638 -630 -629 -625 -623 -623 -614 -606 -604 -604 -603 -600 -600 -598 -593 -593 -591 -584 -576 -559 -550 -549 -546 -534 -532 -528 -524 -524 -524 -522 -515 -511 -509 -502 -500 -498 -496 -494 -492 -489 -482 -469 -460 -458 -456 -454 -444 -443 -442 -440 -429 -425 -423 -416 -412 -412 -410 -409 -407 -405 -401 -400 -400 -400 -400 -397 -394 -393 -387 -381 -379 -378 -377 -375 -374 -374 -371 -369 -368 -366 -361 -359 -357 -355 -354 -353 -352 -344 -339 -335 -329 -327 -326 -320 -317 -315 -313 -307 -306 -304 -303 -299 -293 -288 -286 -279 -277 -273 -271 -270 -270 -260 -245 -244 -238 -233 -225 -221 -219 -217 -216 -203 -202 -198 -196 -196 -195 -182 -182 -176 -175 -172 -172 -171 -166 -165 -162 -154 -153 -151 -148 -142 -139 -133 -133 -132 -119 -119 -115 -98 -94 -91 -90 -89 -87 -87 -84 -84 -75 -74 -72 -67 -52 -41 -34 -34 -25 -23 -8 -5 0 4 6 7 11 11 11 14 21 23 29 30 38 51 53 56 59 62 64 72 77 79 94 97 98 99 103 104 105 109 111 114 117 118 120 132 142 152 157 159 168 171 176 186 188 196 221 230 237 238 240 242 243 244 245 264 265 267 272 273 274 287 300 302 305 306 306 311 312 314 321 328 331 332 333 334 337 338 345 346 356 362 366 369 371 375 375 376 380 385 388 395 396 399 401 401 406 422 423 425 440 447 450 452 452 452 454 456 465 470 471 472 472 477 481 483 483 487 489 494 500 505 505 510 513 516 526 537 545 549 569 572 575 577 577 578 584 589 590 598 601 602 613 630 633 639 640 646 650 652 654 654 655 665 674 677 678 679 680 681 691 699 704 708 713 731 733 733 743 744 747 765 772 776 777 778 783 787 801 802 814 825 828 829 833 835 838 839 840 840 846 849 849 857 871 872 872 883 888 888 890 896 897 898 902 910 911 915 921 922 923 926 929 931 936 938 940 942 943 944 952 960 966 971 972 977 977 985 986 988 992 999 999 

比较次数：7420


已排序情况下

快速排序算法:
-997 -996 -978 -977 -974 -974 -973 -973 -970 -962 -959 -951 -945 -945 -936 -932 -929 -928 -925 -920 -917 -912 -911 -911 -907 -901 -897 -887 -886 -884 -881 -873 -865 -864 -857 -856 -852 -850 -846 -846 -839 -839 -836 -827 -827 -827 -817 -806 -799 -797 -792 -788 -780 -777 -774 -771 -770 -769 -766 -766 -754 -753 -753 -744 -739 -739 -738 -731 -720 -717 -716 -712 -706 -697 -695 -695 -693 -690 -690 -687 -683 -680 -678 -677 -672 -670 -666 -661 -658 -654 -653 -649 -649 -648 -647 -644 -641 -638 -630 -629 -625 -623 -623 -614 -606 -604 -604 -603 -600 -600 -598 -593 -593 -591 -584 -576 -559 -550 -549 -546 -534 -532 -528 -524 -524 -524 -522 -515 -511 -509 -502 -500 -498 -496 -494 -492 -489 -482 -469 -460 -458 -456 -454 -444 -443 -442 -440 -429 -425 -423 -416 -412 -412 -410 -409 -407 -405 -401 -400 -400 -400 -400 -397 -394 -393 -387 -381 -379 -378 -377 -375 -374 -374 -371 -369 -368 -366 -361 -359 -357 -355 -354 -353 -352 -344 -339 -335 -329 -327 -326 -320 -317 -315 -313 -307 -306 -304 -303 -299 -293 -288 -286 -279 -277 -273 -271 -270 -270 -260 -245 -244 -238 -233 -225 -221 -219 -217 -216 -203 -202 -198 -196 -196 -195 -182 -182 -176 -175 -172 -172 -171 -166 -165 -162 -154 -153 -151 -148 -142 -139 -133 -133 -132 -119 -119 -115 -98 -94 -91 -90 -89 -87 -87 -84 -84 -75 -74 -72 -67 -52 -41 -34 -34 -25 -23 -8 -5 0 4 6 7 11 11 11 14 21 23 29 30 38 51 53 56 59 62 64 72 77 79 94 97 98 99 103 104 105 109 111 114 117 118 120 132 142 152 157 159 168 171 176 186 188 196 221 230 237 238 240 242 243 244 245 264 265 267 272 273 274 287 300 302 305 306 306 311 312 314 321 328 331 332 333 334 337 338 345 346 356 362 366 369 371 375 375 376 380 385 388 395 396 399 401 401 406 422 423 425 440 447 450 452 452 452 454 456 465 470 471 472 472 477 481 483 483 487 489 494 500 505 505 510 513 516 526 537 545 549 569 572 575 577 577 578 584 589 590 598 601 602 613 630 633 639 640 646 650 652 654 654 655 665 674 677 678 679 680 681 691 699 704 708 713 731 733 733 743 744 747 765 772 776 777 778 783 787 801 802 814 825 828 829 833 835 838 839 840 840 846 849 849 857 871 872 872 883 888 888 890 896 897 898 902 910 911 915 921 922 923 926 929 931 936 938 940 942 943 944 952 960 966 971 972 977 977 985 986 988 992 999 999 
比较次数:112527

三者取中值的快速排序算法:
-997 -996 -978 -977 -974 -974 -973 -973 -970 -962 -959 -951 -945 -945 -936 -932 -929 -928 -925 -920 -917 -912 -911 -911 -907 -901 -897 -887 -886 -884 -881 -873 -865 -864 -857 -856 -852 -850 -846 -846 -839 -839 -836 -827 -827 -827 -817 -806 -799 -797 -792 -788 -780 -777 -774 -771 -770 -769 -766 -766 -754 -753 -753 -744 -739 -739 -738 -731 -720 -717 -716 -712 -706 -697 -695 -695 -693 -690 -690 -687 -683 -680 -678 -677 -672 -670 -666 -661 -658 -654 -653 -649 -649 -648 -647 -644 -641 -638 -630 -629 -625 -623 -623 -614 -606 -604 -604 -603 -600 -600 -598 -593 -593 -591 -584 -576 -559 -550 -549 -546 -534 -532 -528 -524 -524 -524 -522 -515 -511 -509 -502 -500 -498 -496 -494 -492 -489 -482 -469 -460 -458 -456 -454 -444 -443 -442 -440 -429 -425 -423 -416 -412 -412 -410 -409 -407 -405 -401 -400 -400 -400 -400 -397 -394 -393 -387 -381 -379 -378 -377 -375 -374 -374 -371 -369 -368 -366 -361 -359 -357 -355 -354 -353 -352 -344 -339 -335 -329 -327 -326 -320 -317 -315 -313 -307 -306 -304 -303 -299 -293 -288 -286 -279 -277 -273 -271 -270 -270 -260 -245 -244 -238 -233 -225 -221 -219 -217 -216 -203 -202 -198 -196 -196 -195 -182 -182 -176 -175 -172 -172 -171 -166 -165 -162 -154 -153 -151 -148 -142 -139 -133 -133 -132 -119 -119 -115 -98 -94 -91 -90 -89 -87 -87 -84 -84 -75 -74 -72 -67 -52 -41 -34 -34 -25 -23 -8 -5 0 4 6 7 11 11 11 14 21 23 29 30 38 51 53 56 59 62 64 72 77 79 94 97 98 99 103 104 105 109 111 114 117 118 120 132 142 152 157 159 168 171 176 186 188 196 221 230 237 238 240 242 243 244 245 264 265 267 272 273 274 287 300 302 305 306 306 311 312 314 321 328 331 332 333 334 337 338 345 346 356 362 366 369 371 375 375 376 380 385 388 395 396 399 401 401 406 422 423 425 440 447 450 452 452 452 454 456 465 470 471 472 472 477 481 483 483 487 489 494 500 505 505 510 513 516 526 537 545 549 569 572 575 577 577 578 584 589 590 598 601 602 613 630 633 639 640 646 650 652 654 654 655 665 674 677 678 679 680 681 691 699 704 708 713 731 733 733 743 744 747 765 772 776 777 778 783 787 801 802 814 825 828 829 833 835 838 839 840 840 846 849 849 857 871 872 872 883 888 888 890 896 897 898 902 910 911 915 921 922 923 926 929 931 936 938 940 942 943 944 952 960 966 971 972 977 977 985 986 988 992 999 999 
比较次数:4879

改进的快速排序算法:
999 -996 -978 -977 -974 -974 -973 -973 -970 -962 -959 -951 -945 -945 -936 -932 -929 -928 -925 -920 -917 -912 -911 -911 -907 -901 -897 -887 -886 -884 -881 -873 -865 -864 -857 -856 -852 -850 -846 -846 -839 -839 -836 -827 -827 -827 -817 -806 -799 -797 -792 -788 -780 -777 -774 -771 -770 -769 -766 -766 -754 -753 -753 -744 -739 -739 -738 -731 -720 -717 -716 -712 -706 -697 -695 -695 -693 -690 -690 -687 -683 -680 -678 -677 -672 -670 -666 -661 -658 -654 -653 -649 -649 -648 -647 -644 -641 -638 -630 -629 -625 -623 -623 -614 -606 -604 -604 -603 -600 -600 -598 -593 -593 -591 -584 -576 -559 -550 -549 -546 -534 -532 -528 -524 -524 -524 -522 -515 -511 -509 -502 -500 -498 -496 -494 -492 -489 -482 -469 -460 -458 -456 -454 -444 -443 -442 -440 -429 -425 -423 -416 -412 -412 -410 -409 -407 -405 -401 -400 -400 -400 -400 -397 -394 -393 -387 -381 -379 -378 -377 -375 -374 -374 -371 -369 -368 -366 -361 -359 -357 -355 -354 -353 -352 -344 -339 -335 -329 -327 -326 -320 -317 -315 -313 -307 -306 -304 -303 -299 -293 -288 -286 -279 -277 -273 -271 -270 -270 -260 -245 -244 -238 -233 -225 -221 -219 -217 -216 -203 -202 -198 -196 -196 -195 -182 -182 -176 -175 -172 -172 -171 -166 -165 -162 -154 -153 -151 -148 -142 -139 -133 -133 -132 -119 -119 -115 -98 -94 -91 -90 -89 -87 -87 -84 -84 -75 -74 -72 -67 -52 -41 -34 -34 -25 -23 -8 -5 0 4 6 7 11 11 11 14 21 23 29 30 38 51 53 56 59 62 64 72 77 79 94 97 98 99 103 104 105 109 111 114 117 118 120 132 142 152 157 159 168 171 176 186 188 196 221 230 237 238 240 242 243 244 245 264 265 267 272 273 274 287 300 302 305 306 306 311 312 314 321 328 331 332 333 334 337 338 345 346 356 362 366 369 371 375 375 376 380 385 388 395 396 399 401 401 406 422 423 425 440 447 450 452 452 452 454 456 465 470 471 472 472 477 481 483 483 487 489 494 500 505 505 510 513 516 526 537 545 549 569 572 575 577 577 578 584 589 590 598 601 602 613 630 633 639 640 646 650 652 654 654 655 665 674 677 678 679 680 681 691 699 704 708 713 731 733 733 743 744 747 765 772 776 777 778 783 787 801 802 814 825 828 829 833 835 838 839 840 840 846 849 849 857 871 872 872 883 888 888 890 896 897 898 902 910 911 915 921 922 923 926 929 931 936 938 940 942 943 944 952 960 966 971 972 977 977 985 986 988 992 999 999 
比较次数:4946
堆排序: 
-997 -996 -978 -977 -974 -974 -973 -973 -970 -962 -959 -951 -945 -945 -936 -932 -929 -928 -925 -920 -917 -912 -911 -911 -907 -901 -897 -887 -886 -884 -881 -873 -865 -864 -857 -856 -852 -850 -846 -846 -839 -839 -836 -827 -827 -827 -817 -806 -799 -797 -792 -788 -780 -777 -774 -771 -770 -769 -766 -766 -754 -753 -753 -744 -739 -739 -738 -731 -720 -717 -716 -712 -706 -697 -695 -695 -693 -690 -690 -687 -683 -680 -678 -677 -672 -670 -666 -661 -658 -654 -653 -649 -649 -648 -647 -644 -641 -638 -630 -629 -625 -623 -623 -614 -606 -604 -604 -603 -600 -600 -598 -593 -593 -591 -584 -576 -559 -550 -549 -546 -534 -532 -528 -524 -524 -524 -522 -515 -511 -509 -502 -500 -498 -496 -494 -492 -489 -482 -469 -460 -458 -456 -454 -444 -443 -442 -440 -429 -425 -423 -416 -412 -412 -410 -409 -407 -405 -401 -400 -400 -400 -400 -397 -394 -393 -387 -381 -379 -378 -377 -375 -374 -374 -371 -369 -368 -366 -361 -359 -357 -355 -354 -353 -352 -344 -339 -335 -329 -327 -326 -320 -317 -315 -313 -307 -306 -304 -303 -299 -293 -288 -286 -279 -277 -273 -271 -270 -270 -260 -245 -244 -238 -233 -225 -221 -219 -217 -216 -203 -202 -198 -196 -196 -195 -182 -182 -176 -175 -172 -172 -171 -166 -165 -162 -154 -153 -151 -148 -142 -139 -133 -133 -132 -119 -119 -115 -98 -94 -91 -90 -89 -87 -87 -84 -84 -75 -74 -72 -67 -52 -41 -34 -34 -25 -23 -8 -5 0 4 6 7 11 11 11 14 21 23 29 30 38 51 53 56 59 62 64 72 77 79 94 97 98 99 103 104 105 109 111 114 117 118 120 132 142 152 157 159 168 171 176 186 188 196 221 230 237 238 240 242 243 244 245 264 265 267 272 273 274 287 300 302 305 306 306 311 312 314 321 328 331 332 333 334 337 338 345 346 356 362 366 369 371 375 375 376 380 385 388 395 396 399 401 401 406 422 423 425 440 447 450 452 452 452 454 456 465 470 471 472 472 477 481 483 483 487 489 494 500 505 505 510 513 516 526 537 545 549 569 572 575 577 577 578 584 589 590 598 601 602 613 630 633 639 640 646 650 652 654 654 655 665 674 677 678 679 680 681 691 699 704 708 713 731 733 733 743 744 747 765 772 776 777 778 783 787 801 802 814 825 828 829 833 835 838 839 840 840 846 849 849 857 871 872 872 883 888 888 890 896 897 898 902 910 911 915 921 922 923 926 929 931 936 938 940 942 943 944 952 960 966 971 972 977 977 985 986 988 992 999 999 

比较次数：7788
